 2.100   0.189753E+01  -0.189845E+01  -0.245654E+02   0.245717E+02  -0.882075E+00   0.874930E+00   0.857050E+00  -0.862203E+00  -0.138200E+00  -0.158890E-01   0.138600E+01   0.281581E+00  -0.151212E+01  -0.196939E+00
 2.150   0.109092E+01  -0.109154E+01  -0.105135E+02   0.105192E+02  -0.445788E+00   0.439170E+00   0.430053E+00  -0.434201E+00  -0.883000E-01  -0.658500E-02   0.715401E+00   0.118456E+00  -0.801349E+00  -0.672480E-01
 2.200   0.705480E+00  -0.705834E+00  -0.561034E+01   0.561537E+01  -0.259028E+00   0.252921E+00   0.247542E+00  -0.250916E+00  -0.606800E-01  -0.247170E-02   0.423987E+00   0.548870E-01  -0.486060E+00  -0.218620E-01
 2.250   0.487420E+00  -0.487536E+00  -0.336772E+01   0.337213E+01  -0.163581E+00   0.157982E+00   0.154377E+00  -0.157153E+00  -0.436300E-01  -0.534300E-03   0.272212E+00   0.261120E-01  -0.318629E+00  -0.395501E-02
 2.300   0.351680E+00  -0.351595E+00  -0.217511E+01   0.217891E+01  -0.109392E+00   0.104277E+00   0.101581E+00  -0.103890E+00  -0.324000E-01   0.378100E-03   0.184332E+00   0.120560E-01  -0.219871E+00   0.323001E-02
 2.350   0.261820E+00  -0.261551E+00  -0.147723E+01   0.148049E+01  -0.763490E-01   0.716890E-01   0.694890E-01  -0.714300E-01  -0.246600E-01   0.784100E-03   0.129731E+00   0.492701E-02  -0.157417E+00   0.584599E-02
 2.400   0.199670E+00  -0.199248E+00  -0.104108E+01   0.104382E+01  -0.551090E-01   0.508760E-01   0.489660E-01  -0.506130E-01  -0.191200E-01   0.928800E-03   0.940402E-01   0.128099E-02  -0.115900E+00   0.644501E-02
 2.450   0.155230E+00  -0.154694E+00  -0.755021E+00   0.757291E+00  -0.408850E-01   0.370460E-01   0.353220E-01  -0.367320E-01  -0.150700E-01   0.941700E-03   0.697901E-01  -0.548296E-03  -0.872390E-01   0.617030E-02
 2.500   0.122650E+00  -0.122003E+00  -0.560331E+00   0.562170E+00  -0.310390E-01   0.275620E-01   0.259670E-01  -0.271860E-01  -0.120200E-01   0.890000E-03   0.528004E-01  -0.140550E-02  -0.668560E-01   0.554850E-02
 2.550   0.982400E-01  -0.975120E-01  -0.423875E+00   0.425334E+00  -0.240310E-01   0.208840E-01   0.193940E-01  -0.204520E-01  -0.970000E-02   0.809800E-03   0.406000E-01  -0.174210E-02  -0.520110E-01   0.482890E-02
 2.600   0.796200E-01  -0.788350E-01  -0.325895E+00   0.327011E+00  -0.189250E-01   0.160760E-01   0.146780E-01  -0.156020E-01  -0.791000E-02   0.720300E-03   0.316531E-01  -0.180230E-02  -0.409810E-01   0.412530E-02
 2.650   0.652100E-01  -0.643760E-01  -0.254106E+00   0.254926E+00  -0.151270E-01   0.125500E-01   0.112360E-01  -0.120460E-01  -0.650000E-02   0.631800E-03   0.249749E-01  -0.172170E-02  -0.326468E-01   0.348560E-02
 2.700   0.539100E-01  -0.530370E-01  -0.200587E+00   0.201148E+00  -0.122510E-01   0.992000E-02   0.868560E-02  -0.940000E-02  -0.539000E-02   0.549300E-03   0.199148E-01  -0.157560E-02  -0.262596E-01   0.292600E-02
 2.750   0.449400E-01  -0.440440E-01  -0.160083E+00   0.160423E+00  -0.100370E-01   0.792800E-02   0.677180E-02  -0.740300E-02  -0.449000E-02   0.474700E-03   0.160284E-01  -0.140540E-02  -0.213023E-01   0.244710E-02
 2.800   0.377400E-01  -0.368380E-01  -0.129020E+00   0.129172E+00  -0.830900E-02   0.639901E-02   0.531940E-02  -0.588001E-02  -0.377000E-02   0.408800E-03   0.130083E-01  -0.123350E-02  -0.174126E-01   0.204270E-02
 2.850   0.319100E-01  -0.310110E-01  -0.104912E+00   0.104904E+00  -0.694299E-02   0.521401E-02   0.420650E-02  -0.470400E-02  -0.319000E-02   0.351300E-03   0.106370E-01  -0.107120E-02  -0.143310E-01   0.170390E-02
 2.900   0.271600E-01  -0.262600E-01  -0.860025E-01   0.858640E-01  -0.584950E-02   0.428200E-02   0.334630E-02  -0.379001E-02  -0.271000E-02   0.301300E-03   0.875731E-02  -0.923797E-03  -0.118681E-01   0.142160E-02
 2.950   0.232500E-01  -0.223600E-01  -0.710257E-01   0.707790E-01  -0.496630E-02   0.354500E-02   0.267610E-02  -0.307200E-02  -0.230000E-02   0.258400E-03   0.725458E-02  -0.793099E-03  -0.988420E-02   0.118690E-02
 3.000   0.200100E-01  -0.191320E-01  -0.590593E-01   0.587260E-01  -0.424470E-02   0.295401E-02   0.215050E-02  -0.250480E-02  -0.195000E-02   0.221800E-03   0.604426E-02  -0.678796E-03  -0.827510E-02   0.992097E-03
 3.050   0.173100E-01  -0.164470E-01  -0.494206E-01   0.490190E-01  -0.365040E-02   0.247800E-02   0.173550E-02  -0.205290E-02  -0.169000E-02   0.190400E-03   0.506209E-02  -0.580000E-03  -0.696110E-02   0.830499E-03
 3.100   0.150200E-01  -0.141710E-01  -0.415979E-01   0.411430E-01  -0.315710E-02   0.209101E-02   0.140600E-02  -0.169100E-02  -0.146000E-02   0.163500E-03   0.426020E-02  -0.495100E-03  -0.588190E-02   0.696400E-03
 3.150   0.130900E-01  -0.122860E-01  -0.352058E-01   0.347110E-01  -0.274420E-02   0.177400E-02   0.114310E-02  -0.139920E-02  -0.127000E-02   0.140700E-03   0.360155E-02  -0.422599E-03  -0.499070E-02   0.584999E-03
 3.200   0.114800E-01  -0.106900E-01  -0.299494E-01   0.294250E-01  -0.239660E-02   0.151300E-02   0.932202E-03  -0.116280E-02  -0.110000E-02   0.121100E-03   0.305757E-02  -0.360601E-03  -0.425100E-02   0.492301E-03
 3.250   0.101000E-01  -0.933400E-02  -0.255990E-01   0.250550E-01  -0.210200E-02   0.129700E-02   0.762500E-03  -0.970200E-03  -0.960000E-03   0.104400E-03   0.260594E-02  -0.307996E-03  -0.363410E-02   0.415199E-03
 3.300   0.891000E-02  -0.817800E-02  -0.219791E-01   0.214230E-01  -0.185090E-02   0.111600E-02   0.625199E-03  -0.812702E-03  -0.840000E-03   0.901000E-04   0.222922E-02  -0.263300E-03  -0.311730E-02   0.350900E-03
 3.350   0.789000E-02  -0.718700E-02  -0.189513E-01   0.183915E-01  -0.163570E-02   0.964500E-03   0.513801E-03  -0.683196E-03  -0.740000E-03   0.780000E-04   0.191359E-02  -0.225298E-03  -0.268270E-02   0.297200E-03
 3.400   0.700000E-02  -0.633500E-02  -0.164056E-01   0.158461E-01  -0.145040E-02   0.836901E-03   0.423200E-03  -0.576299E-03  -0.640000E-03   0.676000E-04   0.164799E-02  -0.193000E-03  -0.231570E-02   0.252100E-03
 3.450   0.626000E-02  -0.560000E-02  -0.142559E-01   0.137012E-01  -0.129010E-02   0.728801E-03   0.349000E-03  -0.487600E-03  -0.560000E-03   0.586000E-04   0.142358E-02  -0.165500E-03  -0.200470E-02   0.214400E-03
 3.500   0.559000E-02  -0.496200E-02  -0.124311E-01   0.118851E-01  -0.115090E-02   0.636898E-03   0.288300E-03  -0.413999E-03  -0.500000E-03   0.509000E-04   0.123354E-02  -0.142101E-03  -0.174030E-02   0.182601E-03
 3.550   0.501000E-02  -0.441500E-02  -0.108786E-01   0.103427E-01  -0.102940E-02   0.558302E-03   0.238400E-03  -0.352502E-03  -0.440000E-03   0.444000E-04   0.107172E-02  -0.122299E-03  -0.151470E-02   0.156000E-03
 3.600   0.450000E-02  -0.393100E-02  -0.954900E-02   0.902720E-02  -0.923000E-03   0.490800E-03   0.197500E-03  -0.301000E-03  -0.390000E-03   0.387000E-04   0.933540E-03  -0.105300E-03  -0.132160E-02   0.133400E-03
 3.650   0.405000E-02  -0.350900E-02  -0.840830E-02   0.790120E-02  -0.829700E-03   0.432797E-03   0.163600E-03  -0.257701E-03  -0.350000E-03   0.338000E-04   0.815241E-03  -0.909008E-04  -0.115590E-02   0.114400E-03
 3.700   0.367000E-02  -0.313900E-02  -0.742449E-02   0.693439E-02  -0.747498E-03   0.382602E-03   0.135500E-03  -0.221200E-03  -0.300000E-03   0.296000E-04   0.713569E-03  -0.786008E-04  -0.101318E-02   0.983002E-04
 3.750   0.331000E-02  -0.281400E-02  -0.657410E-02   0.610080E-02  -0.674900E-03   0.339195E-03   0.112400E-03  -0.190400E-03  -0.270000E-03   0.258000E-04   0.626316E-03  -0.679996E-04  -0.890280E-03   0.845995E-04
 3.800   0.300000E-02  -0.252700E-02  -0.583660E-02   0.538070E-02  -0.610400E-03   0.301294E-03   0.930997E-04  -0.164300E-03  -0.250000E-03   0.227000E-04   0.550709E-03  -0.590002E-04  -0.783769E-03   0.729999E-04
 3.850   0.273000E-02  -0.227400E-02  -0.519480E-02   0.475650E-02  -0.553200E-03   0.268497E-03   0.771005E-04  -0.142097E-03  -0.210000E-03   0.200000E-04   0.485278E-03  -0.512004E-04  -0.691391E-03   0.630002E-04
 3.900   0.248000E-02  -0.205000E-02  -0.463470E-02   0.421441E-02  -0.502301E-03   0.239596E-03   0.637993E-04  -0.123098E-03  -0.190000E-03   0.176000E-04   0.428514E-03  -0.444194E-04  -0.611160E-03   0.545206E-04
 3.950   0.226000E-02  -0.185100E-02  -0.414520E-02   0.374270E-02  -0.456801E-03   0.214301E-03   0.526998E-04  -0.106897E-03  -0.170000E-03   0.155000E-04   0.379130E-03  -0.387887E-04  -0.541200E-03   0.472898E-04
 4.000   0.206000E-02  -0.167400E-02  -0.371429E-02   0.332990E-02  -0.416100E-03   0.192098E-03   0.434993E-04  -0.931025E-04  -0.160000E-03   0.136000E-04   0.336040E-03  -0.337595E-04  -0.480110E-03   0.411598E-04
