2.800 0.000 0.000
2.800 -2.800 0.000
2.800 -5.600 0.000
8.800 0.000 0.000
8.800 -2.800 0.000
8.800 -5.600 0.000
-3.200 0.000 0.000
-3.200 -2.800 0.000
-3.200 -5.600 0.000
-9.200 0.000 0.000
-9.200 -2.800 0.000
-9.200 -5.600 0.000
14.800 0.000 0.000
14.800 -2.800 0.000
14.800 -5.600 0.000
0.000 8.800 0.000
2.800 8.800 0.000
5.600 8.800 0.000
0.000 -8.800 0.000
2.800 -8.800 0.000
5.600 -8.800 0.000
0.000 -14.800 0.000
2.800 -14.800 0.000
5.600 -14.800 0.000
0.000 -20.800 0.000
2.800 -20.800 0.000
5.600 -20.800 0.000
0.000 14.800 0.000
2.800 14.800 0.000
5.600 14.800 0.000
2.113 2.113 0.000
4.093 4.093 0.000
6.073 6.073 0.000
6.000 0.000 0.000
0.000 0.000 0.000
